START_TIME            = 2000-02-15T02:04:07.982
STOP_TIME             = 2000-02-15T02:04:07.982
SPACECRAFT_POSITION   = ( 2.9856664500000000e+02 , 1.8035345620000000e+00 , -1.3195519340000000e+02 )
BORESIGHT_DIRECTION   = ( -9.0584388351175840e-01 , -2.5792021270334795e-02 , 4.2282576830548857e-01 )
UP_DIRECTION          = ( 2.6067708239777650e-01 , 7.5283801629357860e-01 , 6.0438595279484470e-01 )
FRUSTUM1              = ( -9.1866292862401240e-01 , -3.2173639796616846e-02 , 3.9372995882227474e-01 )
FRUSTUM2              = ( -9.0524793601272050e-01 , 6.5689927792141420e-03 , 4.2483293502102215e-01 )
FRUSTUM3              = ( -9.0548722827949880e-01 , -5.8125911937717885e-02 , 4.2037394993519694e-01 )
FRUSTUM4              = ( -8.9207223566813460e-01 , -1.9383279361822093e-02 , 4.5147692613381420e-01 )
SUN_POSITION_LT       = ( 3.9953172010481225e-01 , 3.8137178980459350e-01 , 8.3362459331004080e-01 )
